0.0002208100000000046
0.00033401999999999044
0.00030700000000001283
0.000281470000000017
0.00019168000000002738
0.00026756000000001113
0.00041380000000004193
0.0004184100000000246
0.0005395099999999986
0.0006196599999999886
0.0008068400000000086
0.0009457099999999996
0.001118069999999982
0.0014261899999999828
0.0018436999999999703
0.0023712299999999907
0.004210659999999955
0.0073729199999999825
0.017597510000000004
0.024624549999999946
0.03706586999999999
0.0702183199999999
0.11857768999999996
0.7083528899999998
8.30625443
59.72749998999999
