3.851999999996414e-05
3.529999999998257e-05
3.1729999999996486e-05
3.094999999998515e-05
3.805999999999532e-05
0.0001770999999999745
0.00033746999999998415
0.0002833600000000214
0.0003942599999999685
0.0005032099999999984
0.0006091500000000027
0.0007622099999999965
0.0008880100000000057
0.0010810899999999847
0.0015298900000000003
0.0013121300000000003
0.0028326400000000308
0.004323549999999976
0.006340740000000023
0.010032559999999946
0.017717889999999948
0.029359760000000047
0.03948026999999996
0.22264658999999992
2.4217390999999973
16.45616001999998
