7.480000000000819e-05
5.12000000000401e-05
0.0005985300000000082
0.0006323199999999973
0.0009748199999999763
0.00047751999999999794
0.0005977300000000075
0.0006534699999999893
0.0008564299999999969
0.0012657400000000152
0.0015237799999999746
0.0013729499999999728
0.0023618999999999836
0.0029720799999999993
0.003802660000000002
0.003993299999999977
0.005359169999999991
0.013743910000000015
0.019705780000000006
0.02266809999999997
0.03541614000000006
0.04862045000000048
0.07033987999999969
0.38771836999999876
1.0573043500000003
4.118219199999989
10.389807070000028
30.240231449999943
