3.3729999999998486e-05
2.7360000000009598e-05
4.0920000000010945e-05
4.1989999999991756e-05
4.447999999999119e-05
0.00022361000000001852
0.00029258000000000897
0.00029706999999999927
0.00046770999999996566
0.0006783999999999679
0.0009028600000000164
0.0008955800000000069
0.0011122099999999469
0.001775020000000005
0.0018432600000000132
0.0016240199999999927
0.002948969999999984
0.00564377999999992
0.009501150000000003
0.01459031999999989
0.019047210000000092
0.03468649999999993
0.059516020000000225
0.23011152999999993
0.6241296900000008
2.414704289999996
5.848971549999993
17.088833539999985
