8.183000000001605e-05
6.284999999999208e-05
0.00010265999999998776
0.00010261999999999771
0.00011697000000000512
0.0002555200000000091
0.00035359999999999835
0.0003507399999999938
0.0005475400000000463
0.0008224599999999916
0.0009165699999999832
0.0009417699999999974
0.0011567899999999965
0.0017655899999999614
0.0018748599999999672
0.0016363200000000465
0.002964809999999973
0.005463730000000044
0.009347990000000018
0.014509259999999902
0.022843510000000046
0.0716291299999999
0.046125780000000206
0.28404959999999946
0.7175259700000012
2.666167899999999
6.515157109999978
18.333923489999982
