4.8479999999972986e-05
5.3269999999994155e-05
5.832999999998423e-05
6.607000000000696e-05
6.984000000000989e-05
6.433000000001243e-05
7.688000000000139e-05
0.00017319999999998448
0.0001981899999999981
0.0002656199999999442
0.00023314999999994867
0.00022935000000001704
0.0004225799999999946
0.0005399199999999382
0.0005750200000000261
0.0009957599999999677
0.001405859999999981
0.0026332900000000103
0.005854250000000061
0.01182786
0.01569181000000013
0.026566410000000307
0.04171008000000054
0.22224105999999894
0.5737730999999989
1.9261817699999966
4.456981079999991
11.451303080000013
