5.0839999999985344e-05
5.190000000000472e-05
6.285000000000318e-05
7.084000000000535e-05
7.536999999999683e-05
6.760000000000099e-05
8.025999999999867e-05
0.0001735800000000065
0.0001991799999999877
0.00029108000000006574
0.00022086999999999525
0.00024207999999996676
0.00041094000000001517
0.0005456899999999986
0.0005658800000000186
0.0009916999999999509
0.001540509999999995
0.002709299999999959
0.005792119999999956
0.011620359999999951
0.015774800000000068
0.032631769999999706
0.04208136000000007
0.22338105000000005
0.5698350700000013
1.9304176100000006
4.438652739999992
11.421705039999996
