6.52799999999898e-05
5.676000000000014e-05
7.43499999999786e-05
8.072999999998442e-05
8.816000000000379e-05
8.096999999996912e-05
9.369999999999656e-05
0.00017723999999998962
0.00021579999999999934
0.00023311999999997557
0.00023927999999999726
0.00024921000000002194
0.0004305200000000564
0.0005741699999999739
0.0005666899999999808
0.0010150900000000184
0.0014091699999999817
0.0024279300000000113
0.005900620000000023
0.011358680000000065
0.015471929999999912
0.02935361000000043
0.0427572099999999
0.2303091300000002
0.5701848700000006
1.940530719999994
4.448269309999989
12.310372880000035
